0.143129717831013	5.99923589148178	3.28117724219471	4.85942455895181	2.76031437609428
-0.228361647279409	6.33846813900620	1.25655148504589	3.04360082640638	3.34139874140595
0.527170132576075	5.51795427869624	1.72203473890601	4.75461935885822	3.74163305006113
1.60910464518428	4.38709400503848	2.92357344891816	4.91327948229203	2.52211641292211
1.59932141565205	5.22953359905954	3.01710675600958	3.96688261898407	3.40423804688470
1.28108025212562	4.87283061599834	2.23193937813570	2.52410084364696	1.21888266966965
1.66285216261949	5.51514745670279	2.96287559528799	5.05428747898021	3.78938351948288
1.55744804043161	4.30072259265614	1.30553987847108	2.99982519920008	0.918303750845280
1.56322159093344	5.42429743923336	1.99048253446906	5.93322218943867	3.49025806428619
-0.149534136757228	5.06673798656560	2.89305927987636	6.19952740971995	3.61665361007888
0.528327984473072	3.74914119024115	2.79500740972326	3.71971588295123	4.02344694373937
-1.14346192610876	6.04463010904764	1.07033623186276	2.83451660016320	3.63162630912843
1.84030172429051	5.01812396126768	2.90106357351208	3.87566670952739	1.72854111571934
0.0976059566314542	6.22405825841049	3.29998576185764	3.90134702019785	3.02651038360255
1.88358899193353	5.41232033219988	3.30768055362078	6.07974139215163	4.39580776553613
0.717951894474080	4.78517829663792	3.15722285929376	4.87769163043729	2.58222833917017
1.26960441035074	5.53992551912641	3.95632426117636	5.14117776126750	3.41741848362437
1.87024871250859	4.63447273704641	3.34690112255600	4.84315144535497	3.66713694899564
-1.10224259357731	4.83550876207362	2.03513659657419	2.46349191446603	3.44147554595422
1.91932211969495	4.95603930264033	2.41325496365081	4.46298350245545	2.27638983797084
1.73567658695260	5.78527853800166	1.89954733737241	4.21380546649272	1.03461228306362
-1.66102302237849	4.99998070890283	1.23155327668606	3.70127990207545	2.91306141223580
0.639688619504735	5.64246155847159	3.33281974103840	3.91186573862546	3.62580477065020
0.233866386251461	4.10510183521354	3.63190156050773	4.70546171117227	2.22244155164016
0.157672540557151	4.23269171963529	2.23638617690643	4.40964916016968	2.76862146111968
0.393692274718598	3.96998960418503	1.44363388285914	3.01555796521357	3.42518906161345
-0.910993991138465	5.00452606754350	1.59299272014195	4.18905636584509	2.92843460057690
-0.396048214510345	4.40033796734954	2.00102543551923	2.48648324700176	4.65074024052863
-0.279457403470578	6.30181448205791	2.51825119904001	3.82149035821532	3.17985060341845
1.89659169288285	4.48222970493467	2.25180762528638	4.59865454317657	2.50017335696031
-0.925733783315526	4.96319651829232	2.34571659122619	3.25398420617244	2.97114369547240
2.07508626530588	5.37188782437060	2.84203060503837	4.71955346872875	3.17235418826096
1.01478443061341	5.19626329004093	2.39967889613990	2.46780182269517	1.50820912244489
0.489613311668928	4.00464847426518	1.04170362544608	3.52150614152405	0.222613227722340
-0.100080593765320	5.68993877936877	2.62101560893782	3.25159627811348	3.72485505254970
1.05755931980006	4.58878240056363	2.54510721188148	4.96035613433150	2.13564091550426
-0.216953445814513	4.57403738302435	2.73829957831109	2.99530653594218	2.98837171808465
0.415433530466495	5.27544272604325	4.18310915020023	5.23214997541989	4.09438442341521
0.311452890071061	6.14381046144775	3.17282686789468	6.15965514275229	3.90725292463139
1.57446266686996	5.72579900285972	2.21636956292325	2.29452980483355	0.138747964139375
0.306093968181982	5.51383735016667	1.56268567562838	3.61197665773587	1.11169381387568
1.56235089311963	5.57195988601540	2.32889523180599	3.42348129797631	0.127853222590547
0.372213426268976	4.00398079059970	3.12687320955192	6.09069814579726	2.17501696682214
0.602639511158542	4.94300095095767	1.96607545858007	2.00766598297535	0.715880427694928
0.855546966325859	5.72551477662464	3.11054546857309	4.87681726910347	3.66354851273202
1.73055704246463	5.58414283214738	2.33710498356321	4.94663027417339	3.29480843905876
0.712915989195927	5.46598067766681	2.62477242835097	4.51064644722464	3.66093550908689
1.00470665422924	4.43817187378308	3.30817982249373	5.32875574430664	3.76739869066513
0.726341217232908	4.18481565374211	3.32361240852761	5.22270232881163	3.14349171530707
1.41672385798393	5.09510946804903	3.82545566406135	5.21891925033828	4.36214751596096
1.23231091340865	4.92738627467540	1.82156411292282	4.21626194453113	1.34969258651359
1.06867383711176	5.28997670529313	2.49274113286314	2.97607784136032	1.24141423917359
0.617746786428370	6.10936614755933	3.51039926037920	5.85346726913556	2.81842501132465
-1.18568670135661	4.35320081578337	0.745187074752248	1.30330217277043	2.47730505731653
1.18643325918595	6.01341956972800	2.30709966846792	3.15894939685234	0.418982233545136
0.949863647163978	5.91595667145584	3.96552523579953	4.75146116577061	2.32067763671615
-0.290013227268490	4.64913334644597	2.52517529424717	6.28338866165037	2.19617540735607
1.39842748381673	5.27714122718885	2.95344523274124	4.78082564304788	2.33329928947108
-1.01141088513783	4.70111594135013	3.61054339660749	3.62687777850084	2.73465717224848
-1.13012032824587	4.95535000325491	3.00870200608486	2.56679673644019	3.35008308377567
0.152147842060519	5.25425433485176	3.03824458254232	6.24431024533552	2.76106818635034
2.26420867955880	4.30088310563259	3.56310519596080	4.12363924881740	3.21996877524863
0.512101460654370	4.71761986790270	2.68653251844243	4.95428427828078	2.67142306850124
1.08550311349906	5.43253040409307	2.91267072250023	2.61393371934269	1.45313220308757
1.39984965855144	4.72623453669853	2.99742083933905	6.01257831650672	4.55329446822482
-1.13251904758698	5.10245896236960	1.50682356577972	2.21419070009773	2.58787997429027
-1.29285810418223	4.10960383544174	2.55137091249913	2.89434988428512	4.01626408741526
-1.28620830472115	4.05358878922962	2.02709570625341	3.07711988580276	3.55693592755739
1.02315019515769	5.35551106398008	1.82501096692926	2.46384426449806	3.16742296983530
0.520340753010456	5.11962410198256	1.78193700358835	2.35162771300311	0.397026654279199
-1.44049446429299	5.28215465008045	1.89124764237580	3.52225378803721	3.53677594011496
-0.323697041036764	3.74747732259156	2.77614460184415	5.27500105239033	3.68289960161697
0.730666495153412	5.71548317641209	3.45681110129633	6.12857047078409	3.41293957061895
0.730442109080661	5.14926012704567	0.703083671992391	2.43584800404317	0.340370291390939
0.578805069765015	4.09920455394246	2.48191717430964	1.98212001547488	1.78022251713190
0.666213414093766	5.18214288264256	4.12166236204238	4.85029563947117	3.21278438753879
1.64147244189624	5.77110238237288	2.94998865511074	5.16527136919414	3.30263135559214
-1.62819097138404	4.90878773607331	1.99775946017379	2.43917763455150	4.18525157072533
0.771133414959956	4.51861251246250	3.50955158646043	5.38445039499244	3.01530470224628
-0.136931476620846	5.36511738198630	2.84152933189188	2.93481435538355	2.88041118396492
-1.29291950365849	5.83516380309586	2.89771219923994	2.63554732003130	3.90924557948934
1.51670329515631	5.56031310365955	2.61190470683358	2.52654804553452	1.51992583007642
0.839142689063229	4.64397163185361	3.98355267558561	5.40129540280502	3.33139158237445
-2.30890392194920	5.20835706969416	0.695700722259352	2.11381218724426	2.01123313810395
-0.0378346119207784	5.26549264217234	3.46126131443201	4.15514189698950	3.32905032336604
1.51861702430696	3.83659366122517	2.52073307453723	4.19549908445133	3.29056546006074
0.867764097480732	6.44259136954746	3.01237251408147	6.11753976162356	3.07598778917385
-0.0958127241907527	5.41227664892138	3.22572068750316	4.74827228902778	2.10313186139236
1.02683020731244	5.40098282893075	3.73531301611159	5.01472400487793	2.61771360425662
-2.08243966761641	4.74759526181409	2.12602715409694	4.19443602049708	3.04316509301953
1.44477233687704	3.91337378328573	3.44360808282880	3.83910561257635	2.59244546728983
1.27617829801682	4.78532441448372	3.02815201381369	5.27327576001084	2.52301979828700
-0.0559825367453466	5.01970021894963	3.10587439559480	3.65291830160133	1.18972085696708
0.549947082965152	4.28210349157156	2.69332860764020	3.09865822537361	1.38627559361267
0.452239774201458	5.09083367591401	3.11021238304701	5.85510150979088	1.43722085370696
-1.77410676602527	4.66381384680653	0.911527020869566	1.86398456001811	1.87104281968308
-0.613031659469886	5.91689751131473	3.28528299220362	4.55351804927754	2.43227371319020
0.890483346905808	4.89846862845794	2.37906354023188	4.91979482188721	2.24948760649382
1.00058415735424	6.58566161705296	2.32566966797441	3.18375124247211	2.01247329994377
-0.765278878811833	4.54481714585875	0.212384798425550	4.28089870620429	3.58989959675182
-0.851419406514495	5.90729802865265	1.57853295471580	3.07536964965172	3.35688656551143
2.20349861848133	4.64362464924470	2.41914973323842	3.17473628083472	0.887399186035405
1.18627442320806	4.94094920602486	2.28417692780474	5.43712571171855	3.43174774692016
-2.17902873769292	4.09453074144730	2.66316804812944	2.68285721356593	2.82322342558720
0.486924072374622	5.63495148371496	2.83422168787648	2.69089990056749	2.77071946523046
1.24668795712328	4.81345617165321	2.63346035528226	2.23274561309771	-1.24147961266485
-0.214742082040289	4.86003905525162	1.60878818576564	2.05652144219931	3.08753173627990
1.48145875389009	4.32998338610164	2.73311846337647	4.67773814827448	1.86883729199875
-0.893952211897896	5.86709677771179	2.70647157211230	3.73394516535238	2.97936547066934
1.40807403581810	4.45115274335727	1.83191116176086	2.06780980000507	1.11031305912615
0.199884595412106	3.15205447480114	2.63081949690995	6.14067458944331	2.98721364531692
0.860924941829550	4.97614875582940	2.68411649363086	4.43385466461981	2.96923025302789
-0.0725970679854717	5.49393858597128	2.64291746202925	3.89559989134203	2.80136372054306
-0.0795462301034358	6.61809624439673	3.06817441963561	5.01784985538180	2.54409505173762
-0.0599454621269469	4.77292127667461	2.75927974831052	4.78922116642567	3.45939066154273
1.04740983233574	5.85315124211520	3.09135619137440	1.84216199285567	1.86044661129185
-0.0687664425425911	5.56282090877008	3.08040614693905	4.02273328020482	3.65870425468280
1.85016283671357	4.82500345764045	2.59181455261863	5.32252838129186	3.21017119458965
0.800299856539567	4.68527072298247	2.83415350620195	5.67123187461123	2.83806631696741
1.30442937977723	4.08939303364860	3.04829416655259	5.07776190638305	2.30989757489268
-0.111714374593114	5.14559621234839	1.38279058359868	1.93955876676934	3.17248159806471
0.365190365026720	5.80521680526875	2.69115653904063	4.28676841236038	2.85075542162638
-0.839398169937760	5.91555612867349	1.57275156616941	1.72754062892880	3.82169823578291
1.52002959378156	3.52780175699642	1.36349333744188	3.28580293908620	1.38306104354865
-2.14193943875384	4.54946060685153	0.741298968966643	3.17172068802379	2.72545014679850
-0.734407281392918	3.73109358642233	2.29260757915205	3.79380016451726	3.53494199177699
0.953612647899831	4.64949192263635	3.14833600872583	4.62115942113138	3.02854055939150
0.908572019422291	5.02943749543522	2.30476444822253	4.29633428027828	2.43777866461866
1.76714664974492	5.65364665547057	2.65569954764086	6.25225276570389	2.88845597990920
0.171342051403136	4.58176057088263	2.60155234892165	6.06647528954826	4.88707425677569
2.01507876492875	5.55083589405529	2.91133412564494	2.03692847730853	0.809954465782031
0.198971147785196	5.21681557765463	2.48602945869463	6.12836319850877	3.45394337752719
0.00706215560933998	5.24736115388297	2.27908572987061	1.86366250488017	2.02870319667244
0.219702646317816	4.84032471035379	2.29955139520798	2.56309197501551	2.56721878794371
-0.828998666814434	5.43797050263907	2.37466142300418	2.95947541764005	3.90094665789621
1.08087587629236	4.76115091790826	3.21196649774454	4.59830436495819	3.16562651548139
-1.24051303325416	4.98927249397734	0.416745007820492	1.77405678471886	1.98670704615013
-0.769258194713730	6.33425536853385	1.58480195516035	3.40413909374174	2.93697770866145
0.613320191564316	4.87048506422697	3.63619555680186	4.44885052744115	3.04197847572466
0.612237804515415	5.59046465164944	2.40563485113089	5.83358726945443	3.06314377014422
2.03651219063177	5.16881399981352	2.96407360385228	4.83411820559040	4.31753961811182
0.298827697359006	5.30900226561058	3.08587490757101	4.97148258055416	2.12163551050284
-0.982110269953931	4.36424291169161	3.21466439811984	2.13050366386070	3.36589184356165
1.35267279154569	5.03787883967718	2.61306548530589	5.46828114560467	2.52805252902835
0.810541395902857	4.71493892281942	2.49639848028902	5.56929776355251	1.79208365802178
0.179065761520670	4.27934338220849	3.86011104450022	5.47931668901405	3.26432756592956
1.44116451290457	3.81567929599414	3.87481827030249	4.52988481499321	2.52302609710782
1.28955566384091	4.69631237146660	4.00757037892961	5.86717006018161	1.92343610404679
-0.608415403742943	4.77912554282659	2.34030442700234	3.09517709600323	3.46407178620844
-0.0705785665419213	5.53248866412477	1.56037883141233	1.56093727340709	4.24315574060485
0.894525051834937	4.90122030640383	1.72382147026002	1.67070825857144	1.58961140702594
-1.07493357090118	3.09219165510277	2.36300675211326	3.23685665782399	2.75572142168870
-0.110597634351626	4.98229350060920	2.85958313157522	3.19369689197556	3.08863698523813
0.899230896149549	4.49601327397139	3.88375117577316	4.80513400643340	2.74217412972519
-0.745116576456700	5.46752000524374	2.02583304122009	2.67735790230051	1.98732418151419
1.49591891536220	4.42392155976849	3.11892273484647	5.51640518829142	3.53293679401980
1.56434941545295	4.10064027473879	2.83918078511859	3.34630370941320	3.89432188756196
-2.00186518376583	3.88420748212982	2.71556624193180	3.03574326279900	3.89329143620167
0.927137137265912	5.99254662326625	2.61734536920220	4.43247143297877	3.38787864287219
1.76229678210017	5.43263758554720	3.17304453779240	5.24324623220274	3.41448223349405
0.189593858600432	5.48518867263050	3.27909154982786	5.77221860978207	2.62708255973709
1.01141593291862	3.53319074715228	3.30648052933503	5.31311553139183	3.96259543931104
2.56884309052298	6.05655474220307	0.398113515703368	2.53570446478756	1.47685276103247
-1.28867737069381	4.45572594186778	3.38274012596438	2.79561002365692	2.56526776742296
2.19118247544238	4.59186975142359	2.87594533653712	5.10336516251789	2.46298295823622
1.35054180534712	4.04277963665589	2.41035256314845	5.37098324775460	1.92139579198887
1.94488269870599	5.39260536051069	3.35244215395030	4.99831862121349	2.69992048778684
-1.75010253056078	4.45028404188856	1.42688308834434	4.43124955357093	1.57875813199283
0.738070524688069	4.82536970297339	1.57579631196705	4.58709354199171	2.44189137093629
2.45301386753001	6.11195344125831	1.72474613849799	3.99783908278962	0.708400672201145
-1.76094568945479	3.53837656741217	2.41275423762793	3.20263362900406	2.25397282407220
1.12733223246633	4.64818335640391	2.84833401278532	5.16339495563921	3.50503578854367
-1.03917959643935	4.87761085798511	2.78747538920209	2.05991170625695	2.78709559513244
0.625214364207697	6.06774593760858	2.34929666100164	2.51458642379664	1.41182151275100
0.659726038062419	4.98506414363831	3.19359237931048	5.35295980295263	2.62174087244824
1.87774081112655	4.70194778552231	2.42888768681669	3.64974543203193	0.146477658111949
-1.19889097147904	5.61093125612391	1.97459375066236	2.62897863100968	2.02380026686295
-0.293433160214341	4.43428802039623	3.19913701196618	1.65699035640017	3.66950875099873
1.39671284544606	4.77705946212545	3.05304414167934	5.34538648288282	1.87110770950820
0.501610649873959	5.05855578489014	3.15332184036277	5.69444495206056	1.62144371434661
1.07521875089888	3.93873866379558	2.24928332967904	2.66036107310339	1.95925874560554
1.08687329671450	5.42933523124149	3.07436496828597	3.94979949238484	1.19619823712992
1.42892402760808	4.65978332011139	2.74541631890802	2.58338634878244	-0.262585005196574
0.936967493553702	6.03523231964135	3.29702477761789	3.03894521882008	1.08553737474105
0.938264854931367	5.57132084305430	3.30687243076342	4.75814376943457	2.50409582347387
1.07332249392146	3.85269913307793	3.52706878151188	4.85146008468623	2.57901441081251
-0.931395061836839	4.36966029881051	2.01139709324883	2.90246189125465	3.83774126181957
0.578176345478604	5.60345658122624	2.50212556619883	5.37095145459046	3.49361088219458
1.12188122744070	4.32780285240235	2.60440464498495	4.29471176106638	2.38619513247111
0.0160729543324336	5.50249803833588	1.30082294505574	3.60466604228339	2.75360318124399
0.947411511621936	5.63911929138928	3.56299075061568	7.10523753967264	2.61026424228620
1.12832289747083	4.16586204805613	4.26286259277652	3.96791387354758	1.92536722289862
1.42502797758541	4.53902686977025	2.77377421746917	2.49212730895612	0.832514060620023
0.311197672978363	4.53321556337057	3.34076188680124	4.09359541368927	3.24598698588353
1.45738739172626	5.91596573986973	1.33573230484606	3.65392807650585	0.776394742317735
-1.87173351359700	5.31543645452770	1.49517305755870	3.33256858127227	3.32130732279716
0.608967539156471	5.24747305356198	3.17410344496689	6.68641544365276	2.88241736884543
0.942999369148399	5.84995191442046	2.60009272093147	4.20639903782624	2.86505612991376
-0.775862010165296	4.62206267820926	1.61915092509708	3.48328552468011	2.61146904408588
0.548240846496419	4.19462621272262	2.47964430589574	5.13326819181182	2.88752508231001
-0.847476482284444	5.60217012075310	2.89057220764045	0.766072406466626	1.94055405658234
0.470409127780157	4.20002377896081	3.44245689551242	5.00724480854991	3.45180144006989
-0.140439861695496	5.14599075063383	3.32756126228451	4.21169113149674	3.11016950936679
1.50333449983626	4.33448332459219	2.75988011673699	5.42969772033403	2.37504389249597
2.34791818429831	4.98018210030685	3.15759109001390	6.56848928934711	3.79431402443663
-0.282163780770700	5.19632677959482	2.66373041065697	3.68233736219541	2.48984605677172
0.943730250618322	5.89708025273079	1.47955990991798	2.98107057612627	2.49564969845625
-0.904059626086501	5.20175460921768	1.18757895035591	2.25027957323333	2.98933034040984
0.299767117503832	5.26411902992767	2.80782926448571	5.02493991669148	2.40816905161525
0.797932543741662	5.37303154978842	3.02809519570916	5.43127891104459	2.34552773196810
1.14715772516959	4.63284672337300	2.75299107775176	2.66255625932198	0.825045594476121
1.67560483058570	3.78110917949761	2.79349797949836	5.46724658349322	2.98436183310536
1.71685947033317	3.89403350406931	1.35537720056399	2.64969144058276	1.20899337628073
1.81749596939659	5.10697325691074	2.11902046129823	4.06042719170381	1.28861437419627
1.34324791046419	5.60922664639256	3.43874119958673	5.42431975110528	3.95698219453837
2.15882916083483	4.51506331202526	2.42019122784218	4.60959368810469	3.60790202541026
0.762276331405189	5.71446171191795	2.09312434655432	3.46867281104009	0.467697073832029
-0.564154546817569	5.41140607749305	1.88202453281524	1.97364132637847	2.80656403210199
1.10399027744387	3.90201918130530	3.51672928494586	5.33005453178694	2.80042658259793
0.760877242303952	4.41464711638388	3.36789630408618	4.83307322942741	1.74768090516516
1.11632651835373	5.46878051795809	2.46564444355060	4.85931411347058	3.15458382333948
0.467362151180508	4.39367138076176	3.24967382686683	5.37638817891902	2.94169861046174
1.77502371638449	4.70658456208643	2.52308759661080	5.42651768585485	4.70607685313320
-0.663377510360644	3.99764441224917	1.99127259884722	3.13264563156014	2.16942831014873
-1.83747166405245	6.42956274873378	1.89620973482774	3.00447244481665	4.32374363182558
2.06680541638425	4.99625100644914	3.86994592845310	5.47894310861504	3.47906056933032
1.41714579081435	4.79209696713300	3.19935136883004	3.44927480303141	3.27253261126627
2.75911369099802	6.03565248460138	2.62263222670689	4.52359747915093	3.15125992661168
1.71335863622072	4.21293994138637	2.31395329727866	2.16639684732801	0.579603281684530
-1.59977571625805	5.20392977399366	1.46682622745665	3.32551271407678	3.75269637526896
0.845565021831909	4.95250943579346	1.40809367261512	4.50285144730462	1.60072895171129
0.469537931629246	6.59128567562695	2.77672970328036	4.00488103171318	2.95473035093255
2.01198840210957	4.62574198336378	2.93088738353612	4.20290961956439	3.41354721265278
0.921333248145604	4.83134297691281	3.13591793277781	4.73019462978623	2.35461817617841
-1.59658980491745	4.47205271031183	2.84355797326648	3.12921132434412	1.91239420180448
0.977984373181057	4.13211991178272	3.46240315359093	4.40922857138612	3.66330211026080
1.26009360032717	4.76366209528343	2.41706208111995	3.14221031773808	0.959928721235616
0.801046226204198	5.07097630054531	2.99883408557787	4.25357499175545	2.88492888633528
-1.77984655006664	4.62212851076054	2.55764784568303	3.14571593544937	3.28963301246925
-1.57311380930975	5.12776750059751	3.13715620121819	3.08720294821621	3.69664146486217
0.999297376935941	4.67313051023361	3.10159244595565	5.33174811513264	3.09067129116466
0.658544434332745	4.93207123870512	2.57825556971758	2.30392511295509	1.17876100035641
0.743853030729675	6.62646937108177	3.75686124880968	4.69389008622085	3.97077056036064
0.667416722257154	5.17813260082315	2.96103249467309	5.15453483844825	2.71933006275727
-1.17792917969815	5.78335286706009	3.07534747581339	2.50318054880660	2.38025095127335
-0.985976235898701	4.89102355908523	2.77906272685688	3.96414094635812	3.02241824895641
-0.404524283391313	4.44448731337331	1.48103689908991	3.70236472741940	0.790516022017433
0.558029839939044	4.74529839318989	3.52051236605454	4.97803915382014	3.06565301773158
2.39877176647321	5.59146470026388	3.19412683839891	5.75426437035229	3.21578555761946
-0.443661396366910	3.91619517033523	2.46691081089591	2.50141329135845	3.36390945771987
1.55413584338147	4.87928674827755	3.69108182247793	4.98124771123437	3.36575550659355
0.516787645180977	4.97318476319488	2.22300490148723	5.53022691578020	2.93959003811578
0.903997555791061	4.84187785407053	3.04460129107926	5.11298606147132	3.00914212948814
-1.79753195225018	3.61837821767923	2.05949189454560	3.45639635780727	3.11182315192269
1.23783866709272	5.58901435789704	2.27734354943417	4.95885716093013	3.38805429274529
1.08660805184586	5.05427767115927	2.10947825761049	5.51097054151666	3.56830164936634
1.57028125690172	4.77339557800503	2.53185336384013	2.38790153683101	1.18478379230522
-0.587811309610191	4.86550305624665	2.03476827502439	2.98549773524893	3.22136826811576
1.00820283875539	4.23695100600077	2.36341794524280	6.32805016578107	2.62862407394922
-0.973381052674475	4.22997953473968	1.96407000305705	4.36787408858147	2.03057019004290
-0.558091741322021	4.15038896068299	2.44913630320282	1.76759428709320	3.91972974451635
1.41098260000956	5.33794277766067	3.09232920899473	4.28913737969953	1.78488249110574
1.08973313003667	3.62734916261041	2.40821155016254	4.09695539344367	1.95759813228811
1.44299512359397	5.53304434551454	3.08434215264383	5.33084998015718	1.02897235375815
-0.420092326389085	4.36771324976239	1.95351747338739	3.05679091663862	0.681509167979107
-0.529857024747787	5.77716080234380	3.30117257937500	4.08555004819027	2.29475679508319
1.16109909335181	5.35777923505155	3.26887535827307	4.37968931963071	3.50125582143323
-0.0295194415774271	4.92506247572391	3.83568469494439	5.15194268325413	3.96233293750023
1.37422137409283	5.60728378479604	3.04041673806391	5.71705144137497	2.93789808567720
1.49838758135613	5.41861565584450	2.40400673865728	5.32484283816025	3.86185744507197
0.843149479437053	5.52558399832630	2.75422713398876	5.93683782418696	3.29911646526638
1.04240273947796	4.79221423124498	2.92133021795098	4.88105411477972	3.59679674977138
0.584611267607752	4.70377520390507	3.81799266642577	5.72002998054796	4.10279976704394
1.60964424519745	5.49193498000312	2.05867360425142	2.34728880640580	0.679266318065901
1.17578421905261	5.64343193506067	2.64303776758989	4.08123585388170	0.711005653429080
-0.578946632263778	6.03793762990716	1.81009559264147	2.08764972883185	4.51452556664731
0.693956008708563	6.33228576225947	3.24547339836782	3.07395047237747	1.12992069418397
0.709788520938877	5.27412665743027	3.17369116106395	5.07235725445333	1.74192392903817
2.02074017704105	5.56716922969488	3.24597379084450	4.89611953382661	2.76105053170658
0.716212562334505	5.59625297258105	3.11834640769417	4.87351028874256	3.44919951521417
0.870641625568372	4.56282234865270	3.12310528156264	5.93597829723325	2.49158984914798
-0.956638242830207	5.20523317242815	2.01708425459583	2.76729283685133	3.05127446918985
-0.571911085131909	3.76453472491184	0.968700815758405	3.83235096151633	4.13207533602168
2.73853050696707	5.55403572130812	1.25339912255557	2.09955174671071	0.441493937369990
1.63664197869589	3.40008055632804	3.35349741716854	4.33404046087604	3.78983314634420
1.09113132901711	5.71884988049372	2.62567783311367	3.07963687182304	1.03135688011270
1.47488499952350	4.15998554710126	2.93201682334308	5.73479016797611	3.28722747699407
-1.26894377598218	5.36619356914672	2.47252546920423	2.22480749200375	2.89906265798595
0.0546268608436804	4.01256552591149	3.29186236080414	7.03559951573881	2.28186051832842
-0.768362429650988	4.21382528286769	3.19956317800977	5.87076350733379	2.57502744409432
2.16386933729965	5.39059953291347	1.23442336442343	2.75840510912824	-0.165152972192274
0.633914943014339	4.49503954196728	2.95122404878352	5.16640233219608	3.20128608926648
0.900669319110898	5.22600525019484	3.14599697586814	3.94008889449034	2.28092491357232
1.12688546192009	5.66999444135515	3.26581262452690	4.08439726257351	2.68413787006237
0.465131667967284	5.01384921103713	2.22931800251511	4.87251785666057	2.25432748124394
-0.0996549549973622	4.53258255684756	2.96631546768479	6.04606502900636	4.10222626695513
2.40474508316253	4.98950736361836	1.52358336768845	3.04558169033126	1.43906887305310
0.149786726217300	4.11600959115283	2.93628267639814	3.90235235793213	3.46093688721215
0.0808779517843047	5.29154169012672	2.62071596403966	5.50930438219843	3.09707380997894
1.77186343583589	4.17095352501786	1.58650155142524	4.60328484404334	3.29362779226898
-1.19945051704506	5.96720679357867	3.15396378129543	2.61199962530030	3.71036554561576
0.546618567460533	4.98324017525668	2.33706010816692	4.38890147686563	5.19057944545506
1.72813697908633	3.49193312460412	1.68574245552831	2.89809931995180	0.258341751280167
1.09173869745101	5.11865248283180	2.64694204665548	3.94111735873942	3.75097390241226
-0.849979753627965	4.58243325350985	3.01446233099170	3.08754016332742	3.17768695205250
-0.0837716684622952	5.63199028420575	1.11175411160759	2.60698053986343	2.09567020975953
0.0610883282921577	4.93759596760400	1.43660995129074	2.98523317284516	3.65790117581018
0.578713076655509	5.18549146483526	3.77336571507403	6.08239513094402	3.02054792319369
-0.132252726719994	5.33270617980710	3.45623765499952	5.99369472773693	3.64461755043707
-0.532950914770502	4.55094084655033	0.999288315882165	3.64320557048023	3.05643458321425
0.167939189235395	5.00346445258675	2.55412643133605	5.16821071032010	2.75996003235875
-1.71010640423384	5.20085539862881	2.55401175340535	3.01604334876408	3.34584152502146
0.520973777213518	4.64314297585902	1.79789202226175	1.67007816173560	0.821144851904405
-0.762132476813554	4.48454191343140	0.911545401382374	2.89263676593633	2.91384258434985
0.931735963884599	4.04469348446914	2.51485697232386	2.60726813272384	0.464801827092695
-1.51611260011097	7.22744171675130	1.73015507306895	3.71460231210589	2.62936121167267
-0.122230936887304	5.85036666692453	1.22873001356634	3.45292407254461	3.35713666210635
-0.790923543055195	5.65855626968275	0.790175874267825	4.13734008047401	3.23884127359130
1.10394545809999	4.51382505735338	1.60723452770865	2.32808851987059	0.249179193548008
0.506361012058500	4.55898395448701	2.64918165847018	4.74645146294389	2.63129416155675
0.349255907699889	5.85003623687300	3.17468718444541	2.85495786813938	1.13660809376903
0.905803189933461	6.08108733929657	3.52283979562863	3.77718627646422	2.51744319968730
-0.652017745973350	5.20348664854683	1.58174992048528	3.67617676917899	3.07691925327570
1.30274126476749	4.63463163880413	2.87631363344710	5.07370680924550	3.30764050203758
1.94180447148373	4.77258404983147	2.43333252522887	4.92367142079182	3.79161540037673
0.765693202394783	4.17789635100038	2.69939719818357	5.92458014621304	2.81126084525356
1.40766260276565	5.62975353018498	3.40598562146879	5.02097280702791	3.82935538107041
1.06576119767960	5.66441042293126	2.65852016718500	5.41612922186270	3.12069569570136
-0.321725650259238	4.80224188446774	2.40838396136995	1.68666444643748	3.53339459785209
0.675688546619026	4.67467262402865	3.45581868654167	4.08324904971557	2.28488455528305
-0.922248129315122	4.53102851901885	2.70172587305953	2.13828104452367	3.63464470983342
-1.53389739927056	5.03453282470678	2.33317648257794	3.18794552903289	2.33006395287476
1.14929245044117	3.79861198918789	2.82094542645536	3.44231273004096	0.575702872607458
1.03863384017800	5.72045681545810	3.11043747318215	4.98629068261598	3.98420814041658
-0.863547517748052	5.24441073278007	1.31121155151668	2.26792606649025	2.17073311524901
1.08452440722926	4.51622034540288	3.11983932874255	5.20672784931637	3.32839961532569
1.29646642865258	5.26047530516869	3.87384538311823	3.47333828432890	2.83927790670742
1.75257558262865	5.61496923075596	2.98817030995111	3.74751991152579	2.38246836316513
2.09302345361266	5.34771728054567	3.25054457938549	5.22141766293257	1.93416828936282
0.365631818055246	4.92538180524404	1.48069604884870	2.98540005073905	1.68306856718709
0.733059903138309	5.44368798928026	1.15186549381316	3.11356477627532	2.80867340041432
1.52373891148461	4.78026879075907	3.26871181245281	4.32847977234827	3.64129425893450
1.34501353853329	4.34295898843992	2.38433155484048	4.57375246069896	3.41758056727963
-1.94621355748188	4.58906132829994	1.66493974790382	2.51604890033698	4.25744233511085
1.09676519146441	5.57095006574357	3.61160651002941	5.24138263871679	3.46247013215848
1.49129244238509	5.27671854753715	3.08182917447452	5.06723526528363	2.56974071780750
0.646852037460136	5.02743046698081	2.66972692947056	4.18188274609540	0.0109146963634434
0.708047182555555	4.42942256114187	2.75087550413058	5.22859769735206	4.07535526066746
0.237581622140577	5.10004835777442	2.80256137270825	4.95049948389234	3.19806789853486
0.570014961914913	4.86060160866664	1.35963444715709	2.22475065251543	0.0447696346358649
1.15123156200463	5.25973548123963	2.36873488654847	5.57891313727671	3.20731693602722
1.51915717591416	4.34449443878817	2.37253623976464	3.21012299931845	3.21979927909655
0.727514529359773	5.62626284095580	1.77727866598435	2.08907988432429	0.845952247351321
-1.93821161750618	4.59591061649704	1.56342608899460	3.76500373053806	4.12618207384072
0.0493258019391873	4.21535775861428	1.23571297056258	2.46012745842147	-0.574220657510560
0.0881048568380716	4.65408560275226	0.887283853335633	3.45254647609830	2.66420912115069
2.38204953384052	6.33842765270087	3.26117945797321	5.36529754034708	3.73111863504004
-0.180828333918500	5.51749326142808	1.62914760122422	2.42311781874201	4.40805363534475
0.412837045847946	4.80779446730567	3.68002064385054	3.26424222463953	2.90317331479923
-1.02982819433198	3.45446239884935	2.53787205277523	3.29786222115641	3.66331701936964
-0.467610626950909	4.47844422075598	2.45380861118339	2.92685972491981	2.78529454870814
0.719003856659900	5.60869981161624	3.45432747249710	4.96176563793811	2.82098412981725
1.85976770981659	5.39623179597359	3.05221168925453	5.58441359321452	2.84758045241173
1.36554943799992	5.48521589831149	3.63498538847326	5.31858473121635	3.30084558617356
-1.07865626015110	4.65228621199778	2.52645969148315	3.45603036306830	2.37673767336300
-0.573565523715260	5.32283473106404	1.09737428403550	2.51531077391255	1.63010372927890
1.38887624286949	4.00809939704115	2.43797286825229	5.43907900367981	2.34621129372377
1.14821914716914	4.65726128028222	3.34811021682746	5.96076598677201	2.79525775082808
-0.322681463376777	6.87218748528720	2.67849564404531	6.03291744019038	2.82196978783868
0.989689501591066	4.56215067818944	3.11840709633122	5.25473072976802	2.54432457307670
1.47542406197492	4.12770804664559	1.02115407836738	2.04541226885618	1.44303641752734
0.206587889634018	3.94937266495951	2.87769110977933	6.27234055213381	3.71928861477457
-1.40459347997672	5.21625445912077	0.901717423351461	2.05382756191454	3.78910068979344
0.633517231489394	4.75028723927860	1.80924151525339	2.64391196088833	1.67743911788386
0.877411941396883	4.31367233542314	1.32242380858339	2.83851039897727	1.83928950704597
1.57854654955158	5.48241010096458	1.69137528188584	2.96284594276640	0.0427537044656895
0.798812211769910	6.62394656136343	3.09093097679941	5.49262867665734	3.90617736846528
0.601554119406553	3.96250916221474	2.83108342020624	5.79537130563999	2.26840716611072
-0.655905297045301	4.87128029936562	2.93019572334676	5.81351086321941	3.44997300088772
-0.335548887705647	5.52025271631283	3.00600887779657	3.47271406792316	3.15522909281059
0.882319052299296	5.25952113232613	2.33132789223973	3.41990352304086	0.455697957886723
0.343468593894414	4.69258021997278	2.48860095988929	4.78848419343626	3.27686488421183
-1.95274363418617	4.67532541871456	2.71355534535719	2.34668664597242	2.05808148762352
0.726253753586635	4.89291656917836	2.87325116276211	5.63823675733000	2.66292541241167
1.19982615831157	4.89193180723689	1.28660488072844	3.59651541612344	1.46455355760729
-0.699597805255110	4.19650926322450	2.15030725843412	2.88896093902203	2.45658428501861
-0.685790589155360	6.12261924058519	3.65822999801536	3.03596115277076	1.77824147371888
-0.294773993381975	3.28594828046909	3.84151624600617	5.95298063823696	3.40359505371686
-1.32549291842841	4.28236144117959	1.44668262147714	2.95975385738286	2.59202805857273
1.13733800264503	4.71729507955363	2.42844512178923	4.58719557066779	2.47630693593053
2.90246286535648	5.34807343443040	3.28498429306644	4.26871805479607	3.13171038758915
1.33256986463001	6.21072447625480	1.88434908265980	3.36676871339595	1.63177571874089
1.54636826643634	5.45226838289161	2.36731241804906	2.45373697263739	1.16740195310286
-0.551871921995586	3.88194731877404	1.15742702730755	4.72717423232647	3.67241989108418
1.29847076519616	4.07607789280794	2.51309868885834	5.29187684015603	2.25169219423992
1.53177519693467	5.44457590574088	2.36460688416310	3.10088190234215	2.35861789300412
1.80758437802700	4.21192974988324	2.45123015636376	5.86204114228396	3.79019910209808
1.13957431907152	4.39621253841233	2.65777472147595	5.98594187036404	3.09267990493717
0.273038961686749	4.49435714193750	3.66160189687349	4.55913309813721	2.88665800308270
-0.481195254347083	5.21546417246039	1.82399112406093	3.17692923282274	2.79571012165073
0.765622834649202	6.68544972768681	3.58426486295594	4.44564751174195	2.91649391142676
1.26733144838562	4.54175462452796	3.17476419450388	4.44496403956591	3.64692319175476
0.925929997758106	5.10663111971914	2.84008905105617	5.40701419018413	3.44147822492404
0.0963735548826243	5.95256562638410	2.43321948314499	2.68030563671372	1.57624575582524
0.918229819072467	4.52730531331298	3.08523320750415	3.67915125826364	2.62762435441912
0.551741587788204	4.42406087650604	2.76350093092831	5.02084395959475	2.33481302866157
0.209589091581412	4.37280293885748	3.74484503125333	5.45192232415630	3.08530801598886
1.90866012956159	5.09633321963720	3.47783262381267	3.98081561599437	2.54043412431276
0.928452180875371	4.64755205990700	3.19938215173411	3.98020175749401	3.48285772245564
-0.685719007303828	4.03326706373860	2.98184976311607	3.05559954056046	3.47626615993673
-1.22933260242678	4.55081191946404	2.54872960674839	3.56923570068123	2.26475991814268
0.658271869715032	4.77642122520523	1.84128274728460	2.86466103456771	0.502685127935078
1.80281731080686	5.33704622206703	2.46729072892865	3.06158276136603	1.33456564348637
1.37523626271404	5.13992508306519	2.09115086535907	3.33879733181810	0.418919880550258
-0.671478805351498	5.64277113697097	2.87643830729677	4.93814320146895	2.93186956036353
0.572468492078085	5.53937826700778	1.22086270354054	2.75471222676245	1.56321225972675
1.39138393875260	6.02770202410452	1.16466351811948	2.00002055789537	0.844708837026457
-1.08412633222540	5.38734580168818	1.36209207406948	3.78948052690938	4.23790748922815
0.459031813332531	6.09629885003635	2.11705696689556	3.90857678783089	3.16171826997319
1.51345887427891	5.20286379671023	2.54035813456440	6.06196971903819	2.37376951583801
0.454669848909263	5.13507615109748	2.66466156617896	5.01387813521080	3.10248177921288
0.629136321191693	5.61261727041653	2.11900410153540	4.89468391853952	3.60169109961387
0.466585576983547	4.84599791181299	2.46978186253278	2.97881355781171	1.05053255954203
-0.817976791818717	5.44178226432452	2.54887563936662	3.68346131756204	2.86808439477481
0.873756592210232	4.60446077016386	3.32576675396992	5.61738651582595	3.39760104516669
0.423559445057884	4.63919601443690	3.59576352575134	4.67650974220891	3.53898620381094
0.111110337290506	3.45979353509198	2.90813164489623	3.94644944156758	2.34671024488322
1.34599917093447	5.29178159269931	3.43404907191874	4.43846707909782	2.27448963119655
1.74197405724246	4.23807452993060	2.67720887676273	1.28352957732294	0.202366415967247
-1.22251743521569	4.58741048302756	3.28410050793429	3.94110826593575	2.30774056821618
0.609666238602673	4.24261294750842	3.21510849972482	4.29605375814432	3.13559508528599
0.401161964533739	3.58646342210997	2.28261699668241	5.13862652028881	2.41561081263953
-1.86648697774920	4.55519669622452	1.58345717934868	2.40060521209689	1.84921863526893
2.90996429225361	4.42046217463949	0.839752620410393	2.10940210231216	0.845559978374822
1.48282624406379	4.73850033584824	2.15065115291455	5.34669901527351	4.07291273508009
1.94320741710543	5.24099357182769	1.79592060531279	2.80288625072565	0.836108820127387
-1.30512035206687	4.62883844249736	2.08986140872305	1.73813651546522	1.91396655253231
1.32023616735703	4.09316787966111	3.01199500566453	5.01545052175448	3.36350826900482
-1.04710626145744	4.17215342543305	1.40501314328290	3.76349755814235	3.61584229024767
-1.17433904128502	4.88447122839781	3.17851192254253	2.88988135462632	2.79623539552465
-0.723691455751147	6.33024905191370	3.07256022158523	3.50646256229881	2.90336324925254
-2.35287101814626	4.96893816381947	2.22902447057625	2.49039280516505	3.54961900353088
1.19746866316186	4.80832139943484	1.82144886815915	4.74210182067064	3.39610784590155
2.59445100051872	4.29126972124591	3.38977299029558	6.24536228290675	2.20982150517402
1.99972122396971	5.62077083464886	3.13822489075225	5.70971417021728	2.35778266367896
-0.321336459922494	5.82689433657470	2.51133497231234	2.31054011881735	2.09970962160939
-1.87545316609413	4.55697560493783	1.60456588793157	2.86766984687631	2.59697005588199
2.41154639173708	4.53057882963573	2.19849793540673	4.89222881524860	3.43148766073134
1.19803193980960	5.08643578327770	1.84717188206029	2.59580153910610	-0.597861143441818
0.422452248167140	5.29011249611515	1.83363491371041	3.04594978275200	0.612466651845539
-0.00166338154459611	5.05695179868397	2.63465836800386	2.92277340044460	0.782439146459184
1.32360050302909	2.48502982408374	3.07486490356600	5.02994173649185	1.38352055011795
1.40683706947029	6.48781961904389	2.68033322178536	5.89969361122639	2.40011166057592
0.856484501571269	5.31737080648392	1.57900365015685	3.07015174423507	1.59628001822016
1.54348014596081	6.87330633185287	3.50895563075164	4.04110406210006	3.04600069192381
1.33232164901390	4.81057874526235	3.71377882093830	4.79810950792856	3.52504908258890
1.11379359193482	5.46539489739827	2.10337627611152	5.78672991391004	3.33497978678052
0.0386861362126256	4.86416157716574	3.29206026153774	3.83171740574904	2.77341396926394
1.76533243089512	5.50407968495649	1.77757031857384	2.91094980696873	-0.0960836120404509
0.695544948932035	4.41005112647706	2.95587965761720	4.33474876697541	2.35188244469963
1.26907059012949	5.48074181944175	1.61955338342622	3.14021882565942	1.42801229364978
-0.728119416871912	4.77857765952312	0.886220484082837	2.29488368926838	4.76099796696886
-1.13563771305127	6.24058737075421	2.31261069231341	2.62595212210968	2.98561681263368
1.47234471557529	4.38810392707659	3.78217949123584	4.25889388041999	3.63810050399013
0.258383492499941	5.88179733906742	3.38460085676855	3.69916126935868	3.21592565538345
-0.0297180786188961	5.78623149721538	2.49127769154707	3.00561301707245	2.81667014621854
1.17272335633042	5.54196581640813	3.31627604513390	5.29670430755847	2.72261991578651
0.273393316066597	4.76292465400258	2.15649305406354	4.88932470233639	2.66418568306885
0.686864944350845	5.32466419276922	3.95710472496193	4.30891617992565	2.60845071130352
-1.94454609854248	5.72784470611337	1.87372149047957	1.94209860832601	2.79530320422488
-0.775090472854635	3.39342311527047	0.741961611487604	4.06614120863188	2.44864078161990
-0.350555726048106	6.30600955173354	1.34090641808054	2.71778869783940	2.04892687215037
-0.931966124858067	5.22274281213101	2.89490000472207	2.56352536430290	2.33415237568125
0.101740106444700	5.19763270314908	1.72854260786862	2.47647134073172	0.350825000256108
2.24884024085250	5.37800032237323	2.97898449275420	5.56709503375212	2.81432521871840
0.749187795219383	3.85009429437063	2.31659122009751	4.15819585082911	3.01234095913769
-0.182985612563904	4.18272879775790	1.52979924899743	2.28864187820059	3.27717700128312
1.51589351646592	5.40555066747542	2.27448437394551	5.64173193653874	2.87828235320328
-2.47469779687932	3.65798187301801	2.87428671658002	4.36639443353671	2.14942896898535
-1.75629162363305	4.99132684832123	2.22550395547965	3.07823975608810	3.90827361807911
-1.23425655457459	5.02777638490698	1.25077539614819	3.25924242988725	3.71268808267986
1.51406966256693	5.71816874800322	2.88607576438581	5.87476476633212	3.70472810580990
1.33983367093316	5.94755776670168	1.51526020728931	2.54277269647027	1.91911393768905
-0.846084441321650	4.57685728067174	2.24097206176987	2.99968415226742	3.57086471512296
2.12303521312657	5.17967769565954	3.14270269274064	3.67782178967217	3.23624718535421
-1.19377031744287	4.57035269242060	1.89349285621041	2.12203774168365	4.85814794231162
1.76573718112506	3.56284078161105	3.41217646438651	4.58914805625071	3.09356765222468
-1.95720894979056	5.63188676104533	1.34828945170775	2.98832292110514	4.49956528370893
1.73190668529929	4.20386154736401	2.94550057422422	5.34198385806934	5.03563050712773
2.02639727382131	4.44581678212639	3.56197516036406	4.70182907123118	2.84586217752053
0.217627656960396	4.77027043426434	2.52502249988705	4.86977673520344	1.96589664477529
1.16676565138905	4.92394866991935	1.26656400976436	2.47889961597860	0.965551813631461
1.92767636135032	6.04386474915508	1.91568033289258	3.69285908344131	0.585300243019833
-0.261409693337592	4.41570521860760	0.877857700140864	2.62854510057693	3.87380190709374
-0.295909457316293	4.25694503901737	3.32465050971137	3.48509155887269	2.31345358692903
-2.12371490914499	5.19674954647919	2.24628744058192	2.98454370116367	4.10497164124515
0.912505740825376	5.91017555251540	2.90480073930889	4.78961992280272	1.76982577339050
0.874664273278025	5.10802314069187	3.24898628242499	5.15021879952283	3.35643683039070
-0.846908165087345	5.73746339010837	2.58385744094670	2.08960066791247	3.18388050825017
-2.54494113865419	5.69868381756569	2.30904562902069	2.70239942173631	2.06797784058458
2.17930066618036	6.80060369938871	2.61738208564491	4.79136084176422	2.88115389909660
0.663623627953621	5.34119861044396	3.23237634711711	5.35756804820463	3.53601310687484
-0.546828661361027	2.76501695097678	3.60300129717991	5.09979929703009	2.22320992748315
1.20686165061057	4.54494684966521	1.94230169491082	2.85011240686825	0.752237050926306
-0.848400726401358	6.80334678864474	2.66432864338128	4.01351821881625	2.28184718991858
0.908475071293162	5.73750452720615	3.55321094453933	5.03562220222368	3.39123006897614
0.0352479285103594	4.73596717776976	2.58958631716645	4.69795453739454	2.01651836470141
0.499016820911629	4.72583569491144	2.19521272192613	3.50932737130610	3.40252316410246
-0.0210991995742188	4.84533465794347	2.75955574445010	3.43261336182772	3.86675204910463
0.944030751920374	5.84569047396449	3.84476217416070	4.92154014796214	3.37609926912910
0.643651645683574	5.01026900828775	2.64250057991189	2.86142719457521	0.837971852973538
-2.14371624717542	4.39714969813521	2.23061303158431	3.96849277578498	2.43678015035216
0.820644740214658	5.13019326035279	3.83896950146086	4.11410342188437	3.25557522640355
-1.59215570989399	5.62928496252924	1.29554272677302	2.84257669416689	2.94751632746939
1.24864988819953	5.21207507701875	2.50135107380086	4.07311554089583	3.43003735646764
2.24885279878101	5.07933221334778	3.35412386822663	4.79717918246000	2.65298917734068
-0.296537134615344	6.43535749577947	1.93887234514074	3.48600429368855	4.73574519251002
0.739033397271214	4.30397606679905	2.15180924909744	4.31651726983045	3.26610513150045
1.47681452193653	4.75663923639204	3.51866941028783	5.18035044492763	2.81117266741680
1.31291805216914	5.74475438676826	3.29652706467012	4.94429521229930	3.09667217621603
1.07848724583995	5.12892622242388	2.69882205494327	5.42182850341822	2.50377075294742
-0.504154391538231	5.99352980095085	3.80877565689920	1.74541457451394	3.25571737801975
0.706828624898653	4.98639229114590	3.35118280157570	4.60337201314004	3.53124589707423
0.946972474038198	5.06900903195614	2.93367814565549	4.44009861343652	2.39053092818366
-0.839614605322440	4.95562481966904	2.21496532805129	3.00546445205727	3.53670049435873
0.230731607553394	4.36464375157079	2.99023491388919	4.54870383436697	2.84683166040449
0.860926011309300	6.68086761676969	2.69923814624309	3.71830843506289	3.31704439380143
1.22300275977822	4.57555067977742	2.72781644778350	5.54598852755348	2.06755989554338
0.984541296241179	5.84031559475199	3.12428934049417	5.44468061506116	4.02734541094630
1.18813061677152	4.94307794860460	2.12790938198021	5.43312619025654	2.90516143495315
1.36407461735233	5.18024357144905	2.48799674670955	4.25094487531461	4.63155693162114
0.687554127642350	3.71439161945491	2.44609919184729	4.20286418153624	3.61151083533250
-2.51274671145911	4.84298330511729	2.11483842233338	3.29522182557449	3.87360314651357
0.247711362175398	3.95174210543922	3.21032833777068	5.31464920435034	2.82593545781929
-0.555986474656922	5.06549290372448	1.86661687066177	4.05447551731540	2.16580024495764
0.731726927503447	4.79393391050907	1.47874350568502	2.88274507074044	0.553863390026533
0.384312545896467	4.66812872353261	3.18018641420247	4.13165995650233	3.79463536878845
1.67193716305804	4.95446356444843	2.87892829043956	5.02536796867576	3.35648363899303
2.68709068637436	3.80562978586469	3.53422656344848	4.03074838465384	2.40604536797072
1.21548409962242	5.50466888957672	2.23291562298774	5.30066639818370	2.40383090017563
1.81285389371528	4.45687798799695	2.89685096296192	4.95448962601753	3.52712620089311
1.13055033524919	5.32133568278831	2.63029901234180	6.38219995613384	2.69272860767245
-1.35879158559738	4.07805087465720	1.78659274503086	2.06371849665504	2.31541350962119
1.35207673734376	4.43070505515546	1.96072380505572	2.95646101953410	0.458937682356468
-0.913800695932581	4.22666178164035	2.17619497607238	1.80189575472601	4.41005835854982
-0.00458941012453495	4.32099047001321	2.14885970145291	3.06698060875309	1.46504326358109
-2.57291430537321	5.13321401156902	1.11761206101302	4.28533092676195	4.39205605718930
1.34074994720326	4.57753065052669	3.01957819319847	5.45088578937597	2.72183450244183
1.36594857033984	5.89845426110760	2.23936186544918	2.38092978899268	1.42782935444768
0.978746498619391	3.75215351551043	3.74521342336126	4.42541907291619	3.61718748102243
-0.366195897755905	5.61051596723288	1.29924165229641	3.56160178070526	3.01610156950464
-0.816633440622761	3.90310023374886	2.15719954216593	6.18908021574174	2.98011582963870
-0.0143485754310407	4.63008472776275	1.58998628185640	3.24577896687107	3.34573327321373
-1.20096189531488	4.93238064709631	2.24402961895234	2.42879052405926	3.72082122506540
1.39908559206739	5.71527962777962	3.93674387509020	3.20521400347863	0.840644217217707
-0.206279554463402	4.45670285686403	3.75331613300667	4.42517202721273	3.03950428804666
2.09794892839892	5.71467883815896	2.96347982789157	4.20674590919475	2.27437279824840
1.22312024319429	3.42347281860138	1.50883375506802	2.52113948040018	2.16847836284862
-0.0253308894471920	6.61114480229953	2.34161669820792	2.43181022314628	3.01994750519840
-0.357563914173311	5.25698984965306	2.42303543006220	2.28828638200423	0.973505872881035
-2.27733780023379	4.75591424331186	1.78631950762128	3.02840093112592	4.18450203617601
-1.23957812398684	5.33236794898551	0.486767167778275	2.11555966409517	3.87894837344183
-1.50972283847717	4.35190669470138	2.85790243929195	3.04803687718364	3.86465314706941
1.91909511150862	5.41841607845653	2.85144699708460	5.24025885103606	1.38513379205269
-0.452103722044258	4.98624297903370	2.71561530992992	3.29422985285392	3.54317531643745
-1.74116510725185	6.08612100771993	1.96040610003479	2.89109897429583	3.95643690405796
0.873386591515622	3.64227990848871	1.81284830983260	6.49958283456624	3.23286194619725
0.728923776863401	5.21815791138789	3.81648009667835	4.47496935884524	3.28267655906607
-1.38890541380540	3.85380072790673	1.82518585293992	3.84661057115986	2.65966759929757
1.40232001384895	5.08399347413331	1.57827858041949	2.60825851149875	-0.0661895953938110
0.0445843756820812	4.44860991657509	3.12539581138919	1.47640217977032	2.37728616753108
-1.21443636763807	4.36528370285111	1.95692572544331	2.10075735557015	2.46100664629835
1.29405406528973	4.38615118694179	0.950227399067158	3.49958727709388	1.77240985948579
-0.871140107600973	5.17317798967355	1.84537168114023	3.92025918603901	2.17150115093931
1.67002151481747	5.87927030928328	2.61960113215938	3.45461151614516	1.03175661166296
1.82871620174107	5.07597413328317	0.953480370187289	2.48911151611641	2.28724424176719
0.489564080062807	4.47171944738067	3.03297083135858	2.55789458146466	0.294974141520517
1.49273554338195	5.55691513554575	3.14355448449088	4.23108999726037	2.51702042144626
1.87698916204105	5.43567968024154	3.29647937047310	5.51395454805921	2.62315344498913
-1.19819895463326	4.97572258821561	2.12443500164903	3.46210847389460	3.19926010188315
-0.141716776164785	6.88112465111286	3.16748882285052	4.25064659989866	3.50416017688402
-0.329891944426654	3.83635007327356	2.61437719034549	5.48114375756803	2.45752740485556
1.38145906047246	5.68441549009576	3.15053988447999	5.81433661019026	2.30622949232398
1.60545109228806	4.26426032626116	4.01953406043563	3.79799212150123	2.16109531358838
0.296599158867082	5.09008811618252	2.75525528793067	1.88549149367592	0.653742320669101
0.956989141945404	6.31256782813810	2.16490623405692	6.13142826164927	2.30812375421929
0.0450812849792522	5.09098715752635	3.73332415531191	3.43433452563828	2.35841685139048
0.148767511192687	3.81842412142696	2.38523391337382	3.01699614825503	0.908359333948726
1.81762372477778	5.40791216993519	3.03780297711839	2.51702021348358	2.10473190144978
1.28573893277419	4.32828473862813	3.27318524217596	5.43337607927335	4.09946335607152
1.46371738826554	5.25211706425556	3.49853416420987	5.38295863626571	2.91418933034191
0.431477251549880	6.17265402270779	3.83659258270580	4.28959573144186	2.59201377057169
1.38230150183804	6.80809872509353	3.18339267243012	6.79615382034922	3.58724506985923
2.06146727460360	4.87555446971651	2.78682053050709	3.98378583009524	4.24433417056491
0.979388632887504	4.76200864435705	2.77374185525846	4.72259496713077	1.94171321484057
2.19005991902631	3.73838032948618	2.95921492379111	3.24784717216236	1.32006105245969
1.95456866619051	4.84027304053212	4.28266156927723	4.09247875675576	3.87869971726346
0.278286966254001	5.91566756372747	3.01225577461756	5.53148133291728	2.61725826145888
0.949818698039082	4.39894541891444	2.90699990570863	4.74346790932207	3.28440244843711
1.70474474359284	5.17084393035395	2.65334190459688	3.65181103261959	0.774966768891385
0.207136670105314	5.77891301065405	2.80902692911512	5.90948914238898	4.20990103923404
0.815733971894514	5.40386990627971	3.21958151176085	5.96971742695503	2.71719323717795
-0.0398136295447140	5.70898613925756	1.25024718556228	4.06961381748372	0.890118961568576
0.00901606029137581	4.92461775883683	2.45838573091711	1.92804916272285	2.35519749437413
1.80667049884326	4.76801221007075	2.06685899005049	3.21469736310022	2.16267156504964
0.858254391308070	4.48005603458254	2.90910338037292	5.13856873043745	3.40508310957449
-1.00067295425156	4.51268440286837	3.23816062254664	3.64027722757011	2.75393256319130
0.820240403208543	4.55118017093104	2.48479503503599	5.05387378013724	3.26925244928102
1.19239816816357	5.25357563708847	3.44362481808913	5.13988713657719	2.89299083483385
0.175807854037973	4.61204710075426	2.71132988426269	5.83708074778379	2.33310837138312
0.884995955738338	4.98741385897578	2.91119550392513	5.25643530124155	3.02762526038250
-0.0642486495126786	4.57406328556890	2.20363402765785	2.32662875661407	4.13044184663380
1.10597270362390	6.11271271558063	0.858329823996870	2.73198475095571	-0.0273108687083563
1.03917521296671	5.00358341603573	1.94501490685903	3.64147085693662	1.37619466893445
0.399644312102577	4.92572647057354	2.92697259880802	4.71332681866457	2.63593996554357
0.249551841670278	4.77713643193906	1.59350015455115	3.63510767363829	1.63735908461348
0.723433214109837	5.26671416526195	2.91835892247333	4.36751147254099	3.39390329682993
-1.00865394419510	4.77921420353857	1.70653706706753	4.29920649839776	3.51094327517278
1.37347415924390	4.76322726945083	2.29949076883550	4.86219027236729	2.37803702244630
1.09593734650506	4.65546888110475	1.89824776487297	4.43020063443412	2.69551911001933
-0.806490585672768	5.08756549488012	1.44964508946587	3.10395477568889	1.43266721745711
0.807196106136710	5.61918322723234	2.89245502591426	4.25507568829660	3.00560903858245
2.46955382669476	3.19296494578754	4.16167390967078	6.01544289303633	2.53419890248892
0.978061277513528	5.32540492607461	1.00763456339274	3.09810736933844	0.100469922888058
0.832529039591746	4.68959880946690	3.35920455110038	5.13234209884975	2.76210661332647
1.05854522641319	5.48618465761667	3.54519777502229	5.81784308308466	3.40656985719157
1.30388131563729	5.26384477509621	3.22359249356756	5.18302831401987	3.49725476693433
-0.528770899844106	5.91526681395968	2.23583327705500	2.07423456127324	3.90486983671986
1.09086388807857	5.12370139603620	1.77507958603371	3.77053924032240	1.42464968214866
0.992579462496231	4.94663016007464	2.51933707805324	6.03521522424821	2.72297633935570
1.32748589885093	5.66139349409103	3.35518551935128	5.07007345918781	1.96679025379696
0.153347753993508	4.70018563238887	2.65265425549411	4.09241450259424	0.0543559721392056
0.853789959125830	4.35767554100213	1.33528687676539	3.15925253677646	0.479221981908715
0.531666962857013	5.07824178714483	1.74176275406453	2.75073874057168	1.02914834796804
0.416348912256248	4.54436229673113	1.77999171932410	2.66692530597379	0.571954437301119
0.505497990759029	5.75818520372230	2.72469790023636	2.82589623139371	2.06094645000249
0.928281370005714	5.64739163548811	1.56555452131533	3.45183246698308	0.787601126172003
-0.850819956624463	5.47833117800987	1.22424025194548	4.11774377155561	4.13831875860169
1.57062293068512	5.72100821939548	1.27143193479791	2.15903270407900	0.894610498635933
-0.163182631440015	5.54950902592247	2.10201843903569	5.00354356377839	2.91014258742971
1.99821752666307	4.95357277976899	3.44495506941253	4.17266303425208	2.57445402783282
1.43318101147681	4.89137232869024	2.82243445762173	2.67076057883952	1.24499896135298
1.48186210926823	4.60054994201548	2.72444355278770	5.14639279628758	3.74705434246722
-1.09258803800878	5.85386718187268	4.07051228176402	3.65666377731707	3.23448648804290
-2.10517453267185	4.39109504258452	2.14526782401684	4.16020142895806	3.29828756928189
0.269539488950976	5.63981839703042	2.12337401059074	2.12256002494948	0.974576493207928
-0.0787603234360290	4.61564207392638	3.37192132598068	5.62772899468606	2.97817672603093
1.38454710137929	3.49425303295632	1.74009805259364	2.49121506620527	0.709819979171397
1.60117316895161	5.09390330010929	2.92624624922881	4.25884146370463	3.23046844397161
0.439067620157709	3.92404140085398	3.31842289413885	4.62751284831806	3.28422329291425
1.80941198204183	5.48169280016571	2.52713686491018	4.35087400747049	3.68818109815655
0.505582047762942	5.33853518774469	2.19560723946403	2.71286850945513	-0.422638881257776
0.898246422882774	4.67642328307958	3.35107014902345	5.07535119930234	3.48231711086051
0.327287644444829	4.94030755006516	2.31459308000774	4.80595117721451	3.43887016729536
-0.287010726348083	5.92654527608750	1.80475496286131	3.05242335270320	3.15992233195484
2.10830460755621	4.82749077885481	2.05111206014207	2.32844481830933	1.62570279157364
0.813963309027621	5.12811514138520	1.37894182544496	2.33264740249996	0.843271183277098
-0.440941133373325	4.43632217961215	0.475089737973350	3.00352862798089	2.52425282885690
1.80801304171521	5.23051350171107	3.62927295006913	4.94971881902673	3.06333594961860
0.705183154114377	5.75237422005602	3.04485170257269	4.32044475933169	3.84738474421508
-1.58809761932363	4.95196235456935	1.83439212329921	1.72336001850979	1.69468419831850
0.674016386011480	4.52437321538089	2.60742682733504	5.59651349961452	3.88426221569879
1.59518527493625	5.50201677868502	2.68195357731833	5.55154175026829	2.45502616547386
0.353918998179673	4.83392032548069	1.50138719202136	5.02062157512569	4.29297249621219
0.767626359199623	5.20533978397104	2.10371199820446	2.43289886345431	1.52851095454222
1.70335541773681	5.05276869622200	1.85269041844439	2.53860803817826	-0.0708516840324291
0.865447756012247	4.83940412571256	2.93857004799913	2.38022782301127	0.582700058478914
1.25453527704132	4.24859498725134	1.90667958027229	5.10319193452654	3.43896526442548
0.367961526045923	6.03216175652722	2.42448492661801	5.32591573012066	3.21665324325962
-2.11465200635384	5.68268466116928	3.09534841880551	1.79672701372374	2.25914323152662
0.811121638020599	5.87878436462247	2.25840076785510	2.55175948359613	1.27287409584736
-1.28814498575429	4.96631704571225	0.553297591334245	3.65370811488872	3.72555591334314
1.07029683471587	5.33656520754802	1.48736198283162	2.75856757602622	0.969234831435850
-1.32520659807159	5.75880093793995	1.99696286893898	1.72789187984935	2.99873937104057
0.154996927911287	5.16772271554469	3.78638080921992	4.32283944217323	3.29613922371204
-0.313328215806897	4.66476686013923	2.80325705083708	4.64186786641681	3.21208663299616
-0.198149521072022	4.96767005394776	2.97551291152336	5.64158002932162	2.24018534053285
-0.973938482777399	4.92183141802704	0.795727059130342	2.97281952168560	3.07473680879625
0.573276993205579	3.13040283967401	1.83717578601032	3.29217920428689	1.22628133140729
1.18100930594609	5.15880688499186	4.03087234727341	6.19857869039566	2.73621588915384
1.66819048922397	4.04509711206199	2.77399531071982	5.02969444881540	4.67855255178657
0.822781129314735	2.86125710416779	3.28006347450477	5.27343435623976	3.28567689781241
0.803311748448180	5.47799455776826	1.89938751830871	3.51468454540405	1.78102563617980
1.24216258087233	5.52450125883212	2.25058641125897	4.92975479066402	3.72005482379640
0.949263501966240	5.75050204143665	2.33773158109493	2.85539459243652	0.505448138511545
2.07623660143107	5.53068329401033	2.18624527137857	5.86025971666916	3.23798020989394
1.11992049680056	5.10251348839925	2.84891822261911	3.38319212317838	1.03031772365363
1.45651974475284	4.80652920496749	3.42150784485551	4.67643601343635	2.21756220664447
1.54344522453864	5.09372892672441	2.65071129813424	3.96155742350806	3.15092467357222
1.38642856623977	6.13998182523666	3.30304249221637	4.27441804839513	3.47443282796325
0.531832479398673	5.57917400717255	1.96666502041026	2.35822273480510	1.03230954541915
-1.07167701699543	5.27732103603034	1.16674608641097	4.34835802513490	2.74751182999166
0.500004831214989	5.86827017354813	0.180638889421343	3.12446561971423	1.37433249859481
-0.976015271600467	4.25799563774536	0.271210028842505	3.10152340933543	2.91057373929906
1.75852215944664	5.28875839576754	3.00433197440934	4.71900555071746	3.92819350630990
-0.977103418716978	5.88980958917355	2.49301512361584	2.61333036287376	2.84370627399148
0.717044575980341	5.61750041339022	2.60057112721272	4.58701643445190	3.51200373083168
1.43645599074772	4.80108746886514	3.39147442182975	4.75294598308042	3.64107420465966
-0.557907254518542	4.48402443827294	3.54970371730788	5.00218927459613	4.11424965823915
1.79157298343108	5.67408675451051	2.77363367475199	3.12451450302687	0.838612755473311
1.61276763695327	4.23609629909563	2.69992802995392	5.94526957788297	2.95214669117071
1.42441268124402	6.45755442597584	3.73581153005216	4.35988442484491	3.70433329994680
1.91976462867870	5.03116329214269	3.12547801285239	6.32962290614424	2.05683946178344
2.13505635440383	3.66468662645512	2.64711356629342	2.37174959892747	1.17791964735746
0.617915280585158	5.53725144885975	1.82306533420010	2.79331479987641	-0.00175826814721747
1.89471095951159	6.01763125129654	2.51596641637597	3.51638719442447	2.48947852440813
1.13679950895550	4.59064081251233	2.30705781165716	4.62268050693790	2.59415026283787
0.883853012503502	4.98600631016752	2.73250113576282	5.06613333696589	2.71026999427098
0.775510710981165	4.15843181439138	2.21817566890605	4.20933750883414	2.18835024010748
1.80607476383189	4.97708458024374	2.77563395516849	6.52386659673599	2.70598347362691
1.08438874249561	3.78227471734027	1.43283586040058	2.15161123568034	0.583395869410505
1.49928210228606	5.12630102096625	3.10061151125015	5.42853987423233	2.87466720727965
0.648825778122278	4.65254404782468	2.65102482971807	2.75020181440002	1.73314909526175
1.49411690510731	5.38672800769357	2.53033114620785	5.59653430235370	2.96401373391707
1.72626834028997	4.93583721350674	2.60942589993363	2.31496724033482	0.544994759572905
1.49612186784655	5.35029644509561	3.32201464918461	3.72891328336309	2.79525382975558
0.623133590982236	4.06996149314709	2.41353782412045	5.74780318543338	2.83347073320626
-0.981929161091877	4.55701803256941	2.89350125311302	2.80594548929035	2.85886197251188
-1.81768806248226	6.19386936805871	2.04824850200217	2.46049826742831	4.06927772339057
2.61525455144506	4.84104188763020	2.99459388141043	4.70716987247022	2.75391715458468
1.40762799426313	5.13904263960060	2.34113937260701	4.17347723862724	1.32672687728195
0.280592825497158	4.62952584151809	3.14795061049322	3.56594100182041	1.32934498676507
-1.64030256828694	4.47810383224135	2.62342669948965	3.33651458928338	5.01342753586228
0.674875167787505	4.49803361723503	2.24442879591852	3.62806664449995	0.577938516454378
0.816463656095451	4.45306190978202	1.13479330709172	2.10155247678902	1.05024170169926
-0.452499156707688	5.96568409061878	1.72211058070701	3.14522197742261	2.81864393381185
1.79164492663078	5.39126688614081	2.03076892581358	6.10195075630412	2.70616161520599
-1.49811798956520	4.93599662725470	2.10298758056046	1.81520035052592	2.41325878668168
1.89968733400257	5.62447237194816	2.69861931870364	5.26346133284341	3.84430438412412
-1.59944714901934	3.77275608674355	1.87016136105340	3.95476446156712	3.83939709214089
0.173378677113608	5.69116271102165	3.01042605855599	4.75341100370691	2.74168984310674
-1.51396234506589	4.97934741058727	2.22429187151069	3.12489865332038	3.44941220985383
-0.761733114814053	4.00043888815756	1.98205136783273	2.32300570925104	2.77546060280062
2.35146119624850	4.75968374505648	1.80866774161004	3.07107112568946	0.984761650522761
-0.568168594464419	3.42012166561414	2.36785989356066	1.75876028983804	2.51285766762886
-0.229146973173014	4.79941042676980	2.27493878251793	1.80329085655402	1.80938964798775
0.856844366309804	5.62635689796063	2.80435286953778	4.78134944086143	3.34632425602285
0.597584796605792	4.74772862177759	1.55065350706189	3.13196316932983	1.33720260308187
0.875862897784783	6.06473000889539	1.73331611274107	1.63896949521834	1.37254848257423
1.19201728708095	4.25063701501640	1.92591741259164	3.66229674978620	1.84560028740553
2.05974222432408	4.72677150814555	2.49215725599477	3.86349850349922	0.726681179117590
0.888796317403767	5.29363388518063	3.03713663854897	6.12784059404999	3.00336614101214
0.302161572718371	4.09132969080075	2.84830859818736	5.22439080903716	2.91356190110903
1.88255865542035	5.41270688225890	2.59498124527966	2.37869374089644	1.66711112558215
0.937705712581447	3.93221387337379	1.35132105510202	4.32379256054264	3.97403060579065
0.108212983159929	4.74867668535329	1.74702311011515	2.83607433005256	1.97146749572997
0.964248269831624	3.80243027074866	2.06846776686097	6.20306924219086	2.91320553826475
-1.27645203925420	5.36656740690146	1.52916871256191	3.69943597078189	3.82225724941576
-0.695445696025500	5.94808900360778	2.10983200149131	2.80154089507282	3.85353873288523
2.73503219566560	4.82384054572898	1.50989532739842	3.08459737375170	1.09212724353683
0.0790267263284676	6.18329578602202	2.94177128736277	2.08186794759361	3.56608174803808
0.398184469852284	5.37037771713286	1.50222486289120	3.38319076926619	1.59918274481819
1.07030774038300	3.88537902519489	2.83318856846569	2.71453654546678	1.27803420485864
-0.606388352432030	5.25204474444803	1.82327842387752	2.16288824205638	3.35723978627982
0.462661922454320	4.44076848507487	3.68686492150768	4.91580753600223	3.46229304689689
1.36080646254243	4.65597946967125	3.28885827254831	5.58992889550299	2.34502230467984
0.882351200051077	4.94141062290750	0.808131327293137	2.60934770025413	0.608337754043936
-1.76609171671243	6.07806421196207	0.889078723296320	3.34750259802494	2.71878547078241
0.953108211523872	5.66606433964392	2.42814499883060	2.40286757418938	-0.471437387672568
2.02054407846262	4.42049842790993	2.58720741397556	3.99212577805159	1.97716551970828
-0.923929413187204	4.76193935716407	2.04482824598392	2.19804344321672	2.90628284636742
1.02624757379953	4.80106347691824	2.01860327604562	5.53527041081007	3.00228166459087
2.17345605657567	5.96207040238676	2.57795675563777	1.50870158491740	0.623799755674418
0.0387859604755066	4.86950247834601	1.63470370537777	3.22996294854834	0.905397895895473
0.170962057282640	4.88676614558556	2.24354788893437	5.50888287989667	2.61671068612736
0.403246391897604	3.08535036943649	3.61429762307962	4.15249051153303	3.99338980618624
-0.789538530351463	5.34155673334352	0.919008595640207	3.07988119874881	2.75268957083672
1.42774154506194	4.74054097570744	2.94688012101917	5.28194117151975	3.16179064318178
1.95299607898806	4.87338040930894	3.24792720883353	5.81198196750657	3.23706374145994
0.0296975271261418	4.21322069138409	2.87387122126323	5.18519330059117	3.11855092727540
1.46713875026648	5.49026397876042	0.646570989994979	2.58645897590372	2.96756894103406
0.379464873153026	3.81958736479812	3.90335355012723	4.49811418924703	3.29414988916373
1.60813366656542	4.49289083895267	3.47468436321148	6.10440526503757	3.13139516341114
0.725221125611718	5.72686658126885	3.69847812853026	5.65967392075295	1.79973018050137
0.880034043577424	4.09008280121343	2.98617651176978	5.28937593032553	3.53128054030072
1.01446587989047	6.75370650602389	2.68883652215697	2.93308340826844	1.74303967057709
1.25207861205932	5.40934346247715	2.29905496482018	2.95329340650761	1.61039467353046
0.211880760655275	4.86262328260973	3.41091734870122	6.11399524510005	3.84680843611410
0.288674798269319	5.45701624254513	2.24168120356148	2.21193544982036	1.03846309736214
1.59860785595515	5.42168274817446	2.72927404311279	4.31510838496226	3.57075851194918
1.85306846997188	3.84999336217307	3.38414909883570	4.79640893667510	2.84346368116645
-0.105269586854630	4.42683073545388	1.55357318939800	3.07667685910613	1.65757134720900
0.560083126645059	4.43291675484222	2.93665695439324	5.00421002669201	2.83899512169857
0.657087383600268	5.49812424901708	2.09448718172965	4.14909200167330	0.147135044087102
-0.471915627990644	4.95786695885362	2.07028851862719	3.32217911797087	3.48652491802798
0.737845545393434	6.02427832677199	3.73328537674236	4.99976055709080	2.29360323513366
0.829807853836072	4.44896296746986	3.09466196028658	5.17875676901570	3.14092003832433
1.96070394162732	4.70171676669418	3.67113211286431	3.86801703674494	2.86352615500333
1.54417134949805	4.26489827101098	1.89893956848186	3.07079875200557	-0.233472149788918
1.05809827884124	5.25584265183562	2.71628940059959	5.16610631573505	3.70107805184159
-1.78962661026025	5.83697769046931	1.51613111474888	3.82753249020556	2.88744419910655
0.219815250749751	4.73229656628314	3.20531027154363	4.18879875103124	3.74462829621658
0.975474416791177	5.40315351867041	1.06659564142980	3.17719178321718	0.303912096451747
1.18572823008278	4.83162139649461	2.25739772283262	5.72202637738941	2.74832067098598
1.32337672010267	4.69954874669114	2.64137471343949	4.98583334905434	3.99932389319092
0.397340397640562	4.88111479812601	3.29014740095951	4.69897905430201	3.50678231732290
1.17071878753702	4.34912493396089	1.94760328981587	4.21137901103158	2.75213367771297
0.892957005084567	5.21321018829614	2.70793053525833	3.11541797455302	1.19841125096637
-0.672642165463985	5.18008692804140	1.87817709954050	2.66708939221048	2.60781306810113
-0.398340131936907	5.22871873887384	2.52695769617843	2.74719302164695	2.60053190552484
0.677963181540943	4.54405099733968	2.32429211429915	1.84475418283491	1.64390633735753
-0.956149845418513	5.65959188219960	2.49178310334617	3.29323409141617	3.31578836401263
2.24255359676611	3.71245829900630	2.69747987370556	4.91465491408810	3.48873647284286
0.401142134321503	3.53676640964561	2.83469629037893	4.66918883482077	0.858153552094246
1.25872866275464	5.21943747236864	1.23478005826459	1.57665520308855	2.85626061565453
-0.821241429679356	4.92743883685086	1.32383627700196	3.64252289165811	3.73901769820002
0.729940761306445	5.26567997021760	2.86592530485011	3.23388587047245	0.953637547113368
-1.66168488937468	5.09801157134291	3.61683901031048	3.23610078787227	1.91402971645929
0.462971349319163	3.82571786862746	2.91474602374691	4.38435447804823	1.37856234252500
-1.31545403557538	4.68192893186102	1.67400426705864	3.23973521291098	1.29256907863387
1.84325759319596	6.07934328304202	2.89917620149781	4.64167841149113	2.95147923056406
-0.563332457569206	4.33548180479332	2.09836146894702	2.29804425960097	0.818579662121565
1.28625978272352	4.36944179595935	1.76680027837359	3.41509482614254	0.462231648344043
1.54730753420056	5.42631354056515	2.74034137521532	4.80910095054709	3.30869614448265
-0.704025421570460	4.89719890180023	3.28997131413808	3.06446655908424	2.52197090771861
1.32372252739268	3.97161837279563	2.48609455659617	3.95775392672638	2.29225812662493
1.62802449841345	5.76943341434078	1.96955032106325	2.92742650881706	0.714415590371444
-0.115613725106315	5.41084931852570	2.88307766953721	2.84285034766554	2.40562231231208
-0.327844675450046	4.63906603809943	1.42359310124688	1.70139169377387	0.794880383027575
-0.0985316271953272	4.09455408510766	2.62255017397047	4.01538724535020	2.65676265034400
1.70820570472020	5.05317025096259	1.77177499295714	1.97643899567543	0.837642190078781
0.474118191048145	6.06416122649435	3.49601325940225	4.76108921863800	3.07120697007603
-1.00725758783704	4.76000760874940	1.94481068714383	2.90886680561852	3.90752565266104
1.11184785964096	5.76367919229065	2.94199540089377	2.80761672403126	0.936643959096587
1.30839958053287	5.03147731706780	3.22909110610353	5.90973454719094	1.64048083905862
0.522499993540865	5.23324909819294	2.26750719018231	4.30883913778761	1.58367221317376
-0.152020605696301	4.87384030798122	1.45918626327121	1.36883075712622	0.0392970729490583
-1.33289026439395	6.44148994987624	0.774742494076530	2.98563211363885	2.84055436587767
2.72328942704454	5.93686746999655	3.50566527591173	4.34567090577508	2.70052639619721
-0.249122844514955	4.15885823939973	3.53565082265957	4.53291554433388	3.92116701963033
-0.398012194635779	5.12072327301857	3.42935963459199	2.72405294931191	0.837691207873811
0.320608431042749	4.62691753605224	2.80588592440062	5.80494452153732	3.12286515534524
0.655208563573506	4.59799353707079	0.762605220880358	3.10434818066956	1.07764433759068
0.714319860063484	5.72466539735748	1.64222946853332	4.05521996886726	0.329854920533751
-1.40064518828100	3.88026085975401	2.38863928266643	2.45792463558056	3.78410305473100
-0.0412308877169186	4.58464781831963	2.64242379732755	5.11952338858514	4.09194232847963
-1.66156927746425	4.31660187102670	1.46510512872502	2.52271016285046	2.71340552740274
1.42262802104417	4.49492778811972	2.59054434529152	3.94935756399969	1.98735920055524
1.75774266745988	5.05314605076438	3.71359548778222	4.19576672236027	1.61022260010886
-0.190789095258474	5.91314378195365	1.72837199722983	4.05688099924659	0.656189807756620
0.496261594390170	3.11625978526101	2.91499248361556	5.81968716883576	2.52625029491550
-0.644311395028557	4.42691183625457	2.64834701613944	3.68155658573532	2.48039812474172
-0.448940139276271	6.39620250908434	1.49931749121341	4.22193811930216	2.91876221705911
1.06717167814470	5.08132592268684	2.84443622826579	5.11772627667783	2.86499753383573
0.231539014610006	6.67852399866357	2.94354869523827	3.53254743567697	-0.163995394122898
-0.471862455772160	4.25774372149918	1.37132240268206	3.73090780194553	3.18349039184459
1.37579072798832	3.60378956907478	2.92786057137580	2.61797664550928	0.753786576731503
1.00053824785312	5.83802265264685	2.88939055301315	3.75754254891240	3.82507221644387
0.615074656617366	3.02067745338516	2.87658549509557	4.48715166540847	3.22266702122400
-0.223767509474568	4.79253073384587	3.29985313846038	2.92955231238387	1.06998868334345
1.24558608989279	4.57058135110365	3.46928096904237	5.25637186488227	3.12084306694926
0.975270593640648	5.03488301741903	1.61781806104026	2.49582033032658	1.15000833824545
1.35455365639711	4.46120615410443	1.40182888952264	1.86895005348567	1.23491166625371
1.12160487916865	5.87499411119764	3.29097305674962	4.75354006991801	4.22097483462262
1.85201763626656	5.79145475563606	2.13338686400053	3.08512623924276	0.0941947618305018
-0.00387991539384047	4.34519233332261	3.59395372903099	4.71494482442300	3.00141511647786
0.147111064176900	4.49446464554702	3.99162351755120	3.60939560162864	3.96171014663858
0.837256477473861	6.62023727279267	0.895630233291686	2.61434794905139	2.91557992598169
-2.13528966638240	5.26979056066866	2.24499035507711	2.60411736277736	2.56992182824383
1.72860593157596	5.18092661917974	3.58726284871213	4.20453773596115	2.79330179556608
1.22030844974759	5.61497777190973	1.98833522684562	4.06122015060701	0.574130247340357
0.963071598972456	6.40652273550802	1.93855407742145	2.65866192374107	1.70467464019091
0.222742750184712	6.61635285661042	2.21960743564894	3.41464618182009	1.45738527352560
1.74380416396449	5.65417499518589	3.10950303574134	2.55084382407892	1.56485814451855
0.755449971185741	4.59644639157778	3.48968540417694	4.98139327130079	2.20807065318171
0.237867426121456	5.22479595700865	2.86756840084648	6.11342291131473	1.72768779552558
1.09986347996774	5.38576065755705	2.53019701523571	6.79966092882025	3.62916448409737
-1.42287835900883	5.24212804375312	2.00245416040190	3.38652052294019	2.67183521870640
0.853320395183110	4.29645752389595	3.21631930003319	4.58277027754534	2.97879290312245
1.28834438782564	4.66492171215744	3.08865858531977	2.60919704459859	1.82625175230739
-0.987997868793235	4.39999351325530	2.28657204051622	3.52016355301857	3.01161186429469
-0.873198779322609	5.74300445569323	0.885091461663637	5.00149214039143	2.95507303649631
0.234154475277806	5.25867010578013	2.92121947320883	5.55398962224201	2.30494259076266
1.44563691194704	4.70407537027994	2.71336469479590	5.87650296474544	3.77418341505031
1.80697251835510	6.26866477469064	2.94259855222754	3.09102230039411	1.23925906318197
0.897093473964293	3.38420855548094	2.90232379910120	4.43883629590733	2.61360783158577
-0.413758618278208	5.24588625516698	3.40890909537858	5.16912233121219	3.26507044032036
1.78346279845919	4.34055445006050	3.11402868599045	5.64083369339361	3.28538952115734
1.13957564668059	4.04378658701169	1.85992675457774	1.73731878004691	0.688473914560480
-0.554321440271386	4.61075669406810	2.60133356638848	3.15910078426702	2.01947950135107
1.21151276146348	5.74622158905104	2.61762288370382	3.60740281919298	2.61513590615615
2.23002359332744	6.24466319276215	3.09546504882976	3.89192830953431	2.26997902684724
1.32342910171587	5.01163948516267	1.01087983163714	2.59216481579348	0.542683597511247
-1.06836669869632	2.95841311572874	1.97893416516509	2.00398010988012	2.75831034384771
-2.21021278882311	5.23925549502174	2.27415557876216	3.52364418136128	4.04621487984127
2.14676950788903	5.01460662114663	2.61888668120062	3.25280081295934	3.40449030592118
-0.772492458574244	4.40950909909663	1.56920058732291	2.13709264201405	3.36025187464592
1.10154469530465	5.13705478712495	2.51014055891171	4.44245135937693	1.44340667559610
0.0669406221507678	4.04533769464742	2.92716600702001	4.16644393393657	3.89545875164990
-1.90735064880973	2.94061022906667	2.49134412714768	1.96769341666341	3.75322431475569
1.18744196179831	4.49987738961765	2.92288272428561	5.29880529047190	2.33412653114380
1.58060509963379	5.48850056536143	2.81906389083710	4.93618226048050	3.16934222575019
1.36724017559943	5.29722528512188	3.90228967384205	4.61127277168650	3.56331386886436
2.10060993072191	4.98581466346999	2.97794739926326	4.69495475403480	2.74223055872781
1.19856329029214	5.21639797694466	2.42735445554755	5.93612320921862	4.01204871491783
1.50555920669233	6.73138820408942	2.45989423769996	3.55467252663068	0.306316664361802
0.614896691655012	5.17113078089057	1.23279185827421	3.39606075083537	2.91791968839026
-2.30956736664718	5.01692638379267	1.84275955510173	3.96975368286122	3.36741058601234
-0.779513241369249	5.26769017820123	3.00329867377903	2.05843457088033	4.10071895243167
0.818761644721897	6.06934355580739	3.14650689611137	4.37595328500367	1.34725032516208
0.400262759620549	4.82047308520402	2.98823425705979	5.47471284483333	3.61891348607689
0.576999560211455	5.49461247207538	2.10707248412314	3.80547972772118	2.39115452117074
0.321977328658717	4.96362506759513	2.22472616147169	4.90350234184070	2.86965639492926
1.02301416520459	4.92948961121925	2.76027124694762	4.80408226250094	2.78141899948051
1.00643322078212	3.82073168351043	2.46518338536734	5.41573586275838	3.61578885589262
2.33380184550239	5.36155294840553	3.50150565837251	5.56162793477032	4.27698410906868
1.12245447510710	4.85931147807615	3.27122851142553	3.79345877432726	2.84202818427415
0.405233836572159	5.03555445061892	2.37251812772729	2.90564572565099	1.04441338031588
0.474841559609288	5.71951541054956	3.04698665059934	4.59534159494855	3.49806307713624
0.978028420656347	5.09208787551513	3.53347661003724	5.96225401787190	3.56478955274128
-0.514722464148119	5.22605403307274	1.47661393599912	2.47523543287985	1.38888970607272
-1.92063365907125	5.87614977686489	2.46955336762752	2.14740415830703	4.28001697577297
0.413399335493709	4.58023281431934	3.05111028916404	3.63813452169681	3.29992401868319
1.61572111426967	4.77124142097601	2.76414571455586	3.07277160724270	0.740682196408399
-1.23460131461760	5.75190525933284	2.14748707664195	3.74787168316639	2.49406792694693
-0.511854631238418	4.91763825559295	2.99505079817983	3.34740684692028	2.62768579052084
1.74609257472864	5.34801971955719	3.60620308265128	3.39833437384198	3.11177494601675
0.0229671751440890	5.48890231378084	2.00787646923843	2.73557471977616	3.16932969202337
0.796591097387386	4.87227403197206	2.97661724707215	4.72314927997196	3.96032224744350
0.750986426905285	5.16118787181515	3.30334705082666	3.92996352056684	2.70677870307067
1.50550759293469	5.76526908904268	2.27450655979610	2.46569061741258	0.652994329828069
-0.157514837133623	5.22117881517630	3.59253310058462	5.47946910574197	3.24412509490643
-0.314873426836687	4.04921712695862	1.61157633862390	2.56163769352085	2.84337501386292
0.444166891063569	4.97267955373823	1.57545986104738	2.87291724026580	0.528913046709303
-1.74932462661913	4.57076413987492	1.90484804665112	3.26246125831827	4.06307713266677
-2.39721848166675	6.01228932679327	1.72799909604262	0.875222060031598	2.22234138313588
-1.55537875693961	5.54842905177875	1.91989060040749	1.35623306969896	2.15892322970477
1.51208063568769	5.89690740035201	2.21145494001129	5.39807808024479	3.25386344474500
0.852597597758920	6.19073872767800	2.39197544924326	4.81012739428056	2.19314848254089
2.00395964195830	5.04554285934247	2.72901195350593	3.23686745199791	0.706559125738736
0.902448518801026	4.64107464837711	1.49620437403275	3.24738958820766	1.52087600574250
-1.20876597518107	5.41058699548075	1.84663922090613	2.91228397126119	2.45526274938484
-0.418121893315030	5.44879404379960	1.56346268381474	3.54723169489108	2.80365311683802
0.942843905389407	5.46731100199120	2.66763396707066	5.28126187559713	4.48829839419625
0.554932378126512	5.45506383518527	2.87574792977855	6.81926733815034	3.07911864716376
0.352302849206123	4.85700488175530	2.40471262139600	4.84441783747919	2.99001235444841
0.610871304212618	4.95042479681496	2.69154855718528	4.97277149951279	2.50571219058350
1.64512364275586	5.51314903975161	3.18317881959253	5.03616725956391	3.74529617736159
2.12995194126331	6.10773099353854	2.00640963252576	3.42755176498832	0.419118230170087
-2.47398961877059	4.98751971170663	1.68756160426425	3.11880552995024	3.80379666320232
2.20053085950366	5.65729817289322	2.76187287466156	3.78300349288707	2.38578910145681
0.506487806708846	6.09136699353777	1.16877102209655	2.15456987584788	0.666828172476064
-1.68885789238036	6.40041147849233	3.04751604216009	2.15945180955015	1.18142336042798
1.61340824492680	5.21001630353330	2.74483509220158	3.71554049828296	3.32986736445026
1.60659954426797	4.25790268310536	3.50654556464618	5.63074708886243	2.01344812827219
0.0431053992725339	5.38825535369970	2.94265368451827	2.41895705093238	-0.139032578138421
0.863010730618665	4.71819983171658	3.13315202962875	2.98030547593570	1.19931499696433
1.41805821334558	4.95593513484469	2.44505002865163	3.65441464305271	1.10813072214100
1.73519667258377	4.68146098191551	1.50847750346925	3.26555705376526	1.03934306200580
1.15071701814359	4.04166190638748	2.92371503043153	5.03117951745495	2.81566888210511
1.11297667273023	4.26037337077397	3.61651975250044	3.78967381666713	3.61273141699917
1.11750394390529	5.42985141452718	3.51005258446154	4.56171919019431	3.56154068585744
1.69573733886715	4.56203557299401	1.63146246897753	2.37468260276340	2.78425444324495
1.30687235414185	4.16835768172476	1.67248511866742	3.39193654984658	0.730675741315320
1.02280644073809	5.62779617055036	2.34349666661107	5.83605613923560	3.64894675742353
-1.12129270800498	4.87989709601817	1.35365302581926	1.77033251069418	3.75471516103276
-0.366711741113597	5.82945642850391	1.60890592712618	3.66925243056928	2.80988357707999
1.37902390061127	5.26223818306608	1.47030601282767	2.35752013273019	1.73385273655538
0.394136171206583	5.92215419981493	2.08934244610184	3.06172748786362	0.879993454634176
-0.0732572326108103	4.41320998666104	2.28766441770556	4.14339701939220	2.83160827312384
0.642136405615853	4.44852355544348	2.44542562439603	5.09957834985839	2.68774776919640
-2.19200262289611	4.42245043553757	3.70678232629046	3.08033265449184	1.86351105387489
-0.0906483945336101	5.22864874857828	2.85326460677213	4.65755902702245	3.05671195905077
2.05691009048172	6.14244490531746	2.51828274769162	5.97153961745768	2.49435874411855
-0.423322876603590	4.46325964241906	3.21737205192864	5.61398819595310	4.21423342296618
-0.838746240506171	4.24262578960021	1.91966056963933	2.41442129448726	3.24625741977437
1.73304045686647	4.36719974243086	3.29205164379924	4.63211372829503	3.82724836906278
0.666499189570040	5.47663442581056	2.46208272845753	3.68470357940561	0.711807437516394
-1.14044203662744	4.84916572126567	1.58043037837046	2.59650214328676	3.35491132823003
1.24005903840814	4.65008010792178	1.59477736122455	4.37441993246396	1.39372249289025
0.846916461144744	5.10767611936817	1.81239412211783	2.55810920568611	0.574691188250010
-0.940658305966326	5.82065352953888	2.98609924958983	4.68472109493771	3.24800997907115
1.23812100585749	5.56923324690432	3.33846432111314	3.98830333835390	2.63750227296808
1.90288140854380	3.63085266818578	2.20583617889635	4.14655017724753	2.39491322407408
1.37464535587761	5.16335139357068	3.18346798474654	4.45176659400521	3.43284967422641
0.175651598066001	4.21634548218170	3.48394499338952	4.53515348130684	3.41846799023890
0.877520222530830	4.63941054464871	3.31374982275303	5.41169559036788	2.70327411874507
1.52121646981277	5.75286719790402	3.66229274164818	5.24571281065017	3.11534610040513
-1.25018413385730	4.70480163757615	0.920043169868507	2.50150508274953	2.62370293693648
1.43980096316837	4.41015140044206	2.33145957191857	3.38293295392628	1.73300832581039
-0.616038554377777	5.33000886443420	1.82037871045039	2.73301578787249	2.11462720108697
-1.46673391136433	5.18241597569819	2.21975466718181	2.97850114700394	2.98835829310366
-1.20356617323366	3.99436803083376	2.40990089217318	2.60419979484592	3.43498266670254
-0.770527946715632	4.38848054304152	1.35643286321774	2.97311667456631	2.58194770283958
1.55183756210305	4.75233266520840	1.73491449404734	3.77667105100429	0.645323022060071
1.40235379218575	5.94753018217152	1.59324988048641	4.89904576185345	0.426358957795888
1.61591950510814	5.11752501879020	2.72321902307229	2.34403588247538	-1.20785283784774
0.832145841506702	5.26467325092846	3.38822856059745	5.37993669113520	2.73149269695085
1.33322498551083	4.40477495220411	1.24590702191249	3.40058557493659	0.337538125680078
0.493066302316215	5.64157944376289	1.19705272931659	2.10031269511808	1.26253574584924
1.35735443126260	5.11597116297408	3.15189943095029	6.34859071549111	3.63267942696530
0.285676712930016	5.08194131104723	3.68418236748952	5.59346985186360	2.21646951209441
1.18654926904921	4.81421414153897	2.82523879408831	5.06892747373513	2.87457062549044
1.78803249026764	5.42141301187624	3.73024730171474	4.83071805498827	3.57537426131775
-1.09347991004943	5.02824658187476	2.20743665999185	3.95835649613025	2.63629838462622
0.748583643431744	5.94032548365650	3.85236596290007	5.67460136505179	3.41516652353949
0.750937282310921	6.13927384706498	3.21688767492140	5.23655913112096	3.46786960524168
0.597673136778863	4.50230891741525	2.83994059143309	6.70687525738719	2.13694945395553
1.94299479554169	4.78106102176210	2.68362200723012	5.53314875615450	2.81631195463368
1.12565560217446	4.39106782539405	2.06027088176419	3.01530772011630	1.06906360029712